UNITS=MM
#Layer_Color=32768
#
#Feature symbol names
#
$0 r99.9998
$1 r49.9999

#
#Feature attribute names
#

#
#Layer features
#
L 25.67580082 89.70680052 25.67580082 95.55679898 0 P 0
L 25.67580082 89.70680052 31.57579918 89.70680052 0 P 0
L 25.67580082 95.55679898 31.57579918 95.55679898 0 P 0
L 25.86399958 114.38299958 25.86399958 126.58300058 0 P 0
L 25.86399958 114.38299958 33.06400042 114.38299958 0 P 0
L 25.86399958 126.58300058 33.06400042 126.58300058 0 P 0
L 25.9285994 98.4298006 25.9285994 111.7297994 0 P 0
L 25.9285994 98.4298006 38.0286006 98.4298006 0 P 0
L 25.9285994 111.7297994 38.0286006 111.7297994 0 P 0
L 27.3637375 111.9965375 27.3637375 112.8601375 0 P 0
L 27.3637375 111.9965375 27.9225375 111.9965375 0 P 0
L 27.3637375 112.8601375 27.9225375 112.8601375 0 P 0
L 27.9225375 111.9965375 27.9225375 112.8601375 0 P 0
L 28.3718 97.4852 28.3718 98.3488 1 P 0
L 28.3718 97.4852 29.8958 97.4852 1 P 0
L 28.3718 98.3488 29.8958 98.3488 1 P 0
L 28.38200064 111.77500124 28.38200064 113.01499876 1 P 0
L 28.38200064 111.77500124 29.02199936 111.77500124 1 P 0
L 28.38200064 113.01499876 29.02199936 113.01499876 1 P 0
L 29.02199936 111.77500124 29.02199936 113.01499876 1 P 0
L 29.44880064 111.77500378 29.44880064 113.0150013 1 P 0
L 29.44880064 111.77500378 30.08879936 111.77500378 1 P 0
L 29.44880064 113.0150013 30.08879936 113.0150013 1 P 0
L 29.8958 97.4852 29.8958 98.3488 1 P 0
L 30.08879936 111.77500378 30.08879936 113.0150013 1 P 0
L 30.1345981 96.91600124 30.1345981 98.15599876 1 P 0
L 30.1345981 96.91600124 30.7746019 96.91600124 1 P 0
L 30.1345981 98.15599876 30.7746019 98.15599876 1 P 0
L 30.56640064 111.794798 30.56640064 113.03479552 1 P 0
L 30.56640064 111.794798 31.20639936 111.794798 1 P 0
L 30.56640064 113.03479552 31.20639936 113.03479552 1 P 0
L 30.7746019 96.91600124 30.7746019 98.15599876 1 P 0
L 30.8457981 96.91600124 30.8457981 98.15599876 1 P 0
L 30.8457981 96.91600124 31.4858019 96.91600124 1 P 0
L 30.8457981 98.15599876 31.4858019 98.15599876 1 P 0
L 30.9118 98.2726 30.9118 99.0346 1 P 0
L 30.9118 98.2726 32.1818 98.2726 1 P 0
L 30.9118 99.0346 32.1818 99.0346 1 P 0
L 31.20639936 111.794798 31.20639936 113.03479552 1 P 0
L 31.35380318 111.80040124 31.35380318 113.04039876 1 P 0
L 31.35380318 111.80040124 31.9938019 111.80040124 1 P 0
L 31.35380318 113.04039876 31.9938019 113.04039876 1 P 0
L 31.4858019 96.91600124 31.4858019 98.15599876 1 P 0
L 31.57579918 89.70680052 31.57579918 95.55679898 0 P 0
L 31.9938019 111.80040124 31.9938019 113.04039876 1 P 0
L 32.1818 98.2726 32.1818 99.0346 1 P 0
L 33.06400042 114.38299958 33.06400042 126.58300058 0 P 0
L 33.18800068 115.3459974 33.18800068 121.63599752 1 P 0
L 33.18800068 115.3459974 36.40799932 115.3459974 1 P 0
L 33.18800068 121.63599752 36.40799932 121.63599752 1 P 0
L 36.322 114.1222 36.322 115.3922 0 P 0
L 36.322 114.1222 38.862 114.1222 0 P 0
L 36.322 115.3922 38.862 115.3922 0 P 0
L 36.3474 116.0526 36.3474 116.9162 1 P 0
L 36.3474 116.0526 37.8714 116.0526 1 P 0
L 36.3474 116.9162 37.8714 116.9162 1 P 0
L 36.40799932 115.3459974 36.40799932 121.63599752 1 P 0
L 36.60199944 116.80999752 36.60199944 119.4099974 1 P 0
L 36.60199944 116.80999752 39.85200056 116.80999752 1 P 0
L 36.60199944 119.4099974 39.85200056 119.4099974 1 P 0
L 36.703 120.015 36.703 120.777 1 P 0
L 36.703 120.015 37.973 120.015 1 P 0
L 36.703 120.777 37.973 120.777 1 P 0
L 36.957 121.031 36.957 122.301 0 P 0
L 36.957 121.031 39.497 121.031 0 P 0
L 36.957 122.301 39.497 122.301 0 P 0
L 37.8714 116.0526 37.8714 116.9162 1 P 0
L 37.973 120.015 37.973 120.777 1 P 0
L 38.0286006 98.4298006 38.0286006 111.7297994 0 P 0
L 38.608 119.507 38.608 120.269 1 P 0
L 38.608 119.507 39.878 119.507 1 P 0
L 38.608 120.269 39.878 120.269 1 P 0
L 38.862 114.1222 38.862 115.3922 0 P 0
L 39.0652 123.57099746 39.06520254 122.4788 0 P 0
L 39.0652 123.57099746 41.3004 123.57099746 0 P 0
L 39.06520254 122.4788 41.30039746 122.4788 0 P 0
L 39.19860334 102.7470005 39.19860334 105.7869995 1 P 0
L 39.19860334 102.7470005 52.69860174 102.7470005 1 P 0
L 39.19860334 105.7869995 52.69860174 105.7869995 1 P 0
L 39.2938 114.0968 39.2938 115.3668 1 P 0
L 39.2938 114.0968 40.0558 114.0968 1 P 0
L 39.2938 115.3668 40.0558 115.3668 1 P 0
L 39.497 121.031 39.497 122.301 0 P 0
L 39.85200056 116.80999752 39.85200056 119.4099974 1 P 0
L 39.878 119.507 39.878 120.269 1 P 0
L 40.00020194 121.24440064 40.00020194 121.88439936 1 P 0
L 40.00020194 121.24440064 41.24019946 121.24440064 1 P 0
L 40.00020194 121.88439936 41.24019946 121.88439936 1 P 0
L 40.0558 114.0968 40.0558 115.3668 1 P 0
L 40.2082 117.2464 40.2082 118.11 1 P 0
L 40.2082 117.2464 41.7322 117.2464 1 P 0
L 40.2082 118.11 40.2082 119.634 1 P 0
L 40.2082 118.11 41.0718 118.11 1 P 0
L 40.2082 118.11 41.7322 118.11 1 P 0
L 40.2082 119.634 41.0718 119.634 1 P 0
L 40.7517981 114.34040124 40.7517981 115.58039876 1 P 0
L 40.7517981 114.34040124 41.3918019 114.34040124 1 P 0
L 40.7517981 115.58039876 41.3918019 115.58039876 1 P 0
L 41.0718 118.11 41.0718 119.634 1 P 0
L 41.1988 111.19280022 41.1988 112.05640022 0 P 0
L 41.1988 111.19280022 41.7576 111.19280022 0 P 0
L 41.1988 112.05640022 41.7576 112.05640022 0 P 0
L 41.22085482 112.65900252 41.22085482 113.29900124 1 P 0
L 41.22085482 112.65900252 42.46085234 112.65900252 1 P 0
L 41.22085482 113.29900124 42.46085234 113.29900124 1 P 0
L 41.2242 109.82960254 41.22420254 110.9218 0 P 0
L 41.2242 109.82960254 43.4594 109.82960254 0 P 0
L 41.22420254 110.9218 43.45939746 110.9218 0 P 0
L 41.24019946 121.24440064 41.24019946 121.88439936 1 P 0
L 41.30039746 122.4788 41.3004 123.57099746 0 P 0
L 41.33600064 121.27460124 41.33600064 122.51459876 1 P 0
L 41.33600064 121.27460124 41.97599936 121.27460124 1 P 0
L 41.33600064 122.51459876 41.97599936 122.51459876 1 P 0
L 41.3918019 114.34040124 41.3918019 115.58039876 1 P 0
L 41.4375981 114.34040124 41.4375981 115.58039876 1 P 0
L 41.4375981 114.34040124 42.0776019 114.34040124 1 P 0
L 41.4375981 115.58039876 42.0776019 115.58039876 1 P 0
L 41.64560124 109.17940064 41.64560124 109.81939936 1 P 0
L 41.64560124 109.17940064 42.88559876 109.17940064 1 P 0
L 41.64560124 109.81939936 42.88559876 109.81939936 1 P 0
L 41.7322 117.2464 41.7322 118.11 1 P 0
L 41.7576 111.19280022 41.7576 112.05640022 0 P 0
L 41.97599936 121.27460124 41.97599936 122.51459876 1 P 0
L 42.0776019 114.34040124 42.0776019 115.58039876 1 P 0
L 42.1233981 114.33480054 42.1233981 115.57479806 1 P 0
L 42.1233981 114.33480054 42.7634019 114.33480054 1 P 0
L 42.1233981 115.57479806 42.7634019 115.57479806 1 P 0
L 42.46085234 112.65900252 42.46085234 113.29900124 1 P 0
L 42.7634019 114.33480054 42.7634019 115.57479806 1 P 0
L 42.8091981 114.34040124 42.8091981 115.58039876 1 P 0
L 42.8091981 114.34040124 43.4492019 114.34040124 1 P 0
L 42.8091981 115.58039876 43.4492019 115.58039876 1 P 0
L 42.80920064 110.98760124 42.80920064 112.22759876 1 P 0
L 42.80920064 110.98760124 43.44919936 110.98760124 1 P 0
L 42.80920064 112.22759876 43.44919936 112.22759876 1 P 0
L 42.88559876 109.17940064 42.88559876 109.81939936 1 P 0
L 43.44919936 110.98760124 43.44919936 112.22759876 1 P 0
L 43.4492019 114.34040124 43.4492019 115.58039876 1 P 0
L 43.45939746 110.9218 43.4594 109.82960254 0 P 0
L 43.49599886 109.10800124 43.49599886 117.35800252 1 P 0
L 43.49599886 109.10800124 51.74600014 109.10800124 1 P 0
L 43.49599886 117.35800252 51.74600014 117.35800252 1 P 0
L 45.2841995 108.15300188 45.2841995 108.91500188 1 P 0
L 45.2841995 108.15300188 46.5541995 108.15300188 1 P 0
L 45.2841995 108.91500188 46.5541995 108.91500188 1 P 0
L 46.01440124 117.35820064 46.01440124 117.99819936 1 P 0
L 46.01440124 117.35820064 47.25439876 117.35820064 1 P 0
L 46.01440124 117.99819936 47.25439876 117.99819936 1 P 0
L 46.5541995 108.15300188 46.5541995 108.91500188 1 P 0
L 46.736 108.1532 46.736 108.9152 1 P 0
L 46.736 108.1532 48.006 108.1532 1 P 0
L 46.736 108.9152 48.006 108.9152 1 P 0
L 47.1383995 120.92920188 47.1383995 124.10420188 0 P 0
L 47.1383995 120.92920188 49.8307995 120.92920188 0 P 0
L 47.1383995 124.10420188 49.8307995 124.10420188 0 P 0
L 47.25439876 117.35820064 47.25439876 117.99819936 1 P 0
L 48.006 108.1532 48.006 108.9152 1 P 0
L 48.06300014 117.43900312 48.06300014 118.67900064 1 P 0
L 48.06300014 117.43900312 48.70299886 117.43900312 1 P 0
L 48.06300014 118.67900064 48.70299886 118.67900064 1 P 0
L 48.133 118.8212 48.133 119.6848 0 P 0
L 48.133 118.8212 48.6918 118.8212 0 P 0
L 48.133 119.6848 48.6918 119.6848 0 P 0
L 48.27100074 124.21600252 48.27100074 124.85600124 1 P 0
L 48.27100074 124.21600252 49.51099826 124.21600252 1 P 0
L 48.27100074 124.85600124 49.51099826 124.85600124 1 P 0
L 48.5861995 108.50860188 48.5861995 109.06740188 0 P 0
L 48.5861995 108.50860188 49.4497995 108.50860188 0 P 0
L 48.5861995 109.06740188 49.4497995 109.06740188 0 P 0
L 48.6918 118.8212 48.6918 119.6848 0 P 0
L 48.70299886 117.43900312 48.70299886 118.67900064 1 P 0
L 48.95200014 117.43900312 48.95200014 118.67900064 1 P 0
L 48.95200014 117.43900312 49.59199886 117.43900312 1 P 0
L 48.95200014 118.67900064 49.59199886 118.67900064 1 P 0
L 48.9925995 119.02420188 48.9925995 119.88780188 0 P 0
L 48.9925995 119.02420188 49.5513995 119.02420188 0 P 0
L 48.9925995 119.88780188 49.5513995 119.88780188 0 P 0
L 49.4497995 108.50860188 49.4497995 109.06740188 0 P 0
L 49.51099826 124.21600252 49.51099826 124.85600124 1 P 0
L 49.5513995 119.02420188 49.5513995 119.88780188 0 P 0
L 49.59199886 117.43900312 49.59199886 118.67900064 1 P 0
L 49.66800074 108.46800252 49.66800074 109.10800124 1 P 0
L 49.66800074 108.46800252 50.90799826 108.46800252 1 P 0
L 49.66800074 109.10800124 50.90799826 109.10800124 1 P 0
L 49.8307995 120.92920188 49.8307995 124.10420188 0 P 0
L 50.0339995 120.34500188 50.0339995 121.61500188 1 P 0
L 50.0339995 120.34500188 50.7959995 120.34500188 1 P 0
L 50.0339995 121.61500188 50.7959995 121.61500188 1 P 0
L 50.0949976 118.96300312 50.0949976 120.20300064 1 P 0
L 50.0949976 118.96300312 50.7350014 118.96300312 1 P 0
L 50.0949976 120.20300064 50.7350014 120.20300064 1 P 0
L 50.09500014 117.43900312 50.09500014 118.67900064 1 P 0
L 50.09500014 117.43900312 50.73499886 117.43900312 1 P 0
L 50.09500014 118.67900064 50.73499886 118.67900064 1 P 0
L 50.73499886 117.43900312 50.73499886 118.67900064 1 P 0
L 50.7350014 118.96300312 50.7350014 120.20300064 1 P 0
L 50.7959995 120.34500188 50.7959995 121.61500188 1 P 0
L 50.8975995 118.51620188 50.8975995 119.37980188 0 P 0
L 50.8975995 118.51620188 51.4563995 118.51620188 0 P 0
L 50.8975995 119.37980188 51.4563995 119.37980188 0 P 0
L 50.90799826 108.46800252 50.90799826 109.10800124 1 P 0
L 51.4563995 118.51620188 51.4563995 119.37980188 0 P 0
L 51.46660014 116.19440312 51.46660014 117.43440064 1 P 0
L 51.46660014 116.19440312 52.10659886 116.19440312 1 P 0
L 51.46660014 117.43440064 52.10659886 117.43440064 1 P 0
L 51.74600014 109.10800124 51.74600014 117.35800252 1 P 0
L 52.08020064 116.19460124 52.08020064 117.43459876 1 P 0
L 52.08020064 116.19460124 52.72019936 116.19460124 1 P 0
L 52.08020064 117.43459876 52.72019936 117.43459876 1 P 0
L 52.10659886 116.19440312 52.10659886 117.43440064 1 P 0
L 52.451 114.7318 52.451 116.2558 1 P 0
L 52.451 114.7318 53.3146 114.7318 1 P 0
L 52.451 116.2558 53.3146 116.2558 1 P 0
L 52.578 106.7816 52.578 112.5728 0 P 0
L 52.578 106.7816 56.0324 106.7816 0 P 0
L 52.578 112.5728 56.0324 112.5728 0 P 0
L 52.69860174 102.7470005 52.69860174 105.7869995 1 P 0
L 52.72019936 116.19460124 52.72019936 117.43459876 1 P 0
L 53.3146 114.7318 53.3146 116.2558 1 P 0
L 53.3755981 114.54360124 53.3755981 115.78359876 1 P 0
L 53.3755981 114.54360124 54.0156019 114.54360124 1 P 0
L 53.3755981 115.78359876 54.0156019 115.78359876 1 P 0
L 53.975 113.538 53.975 115.9256 0 P 0
L 53.975 113.538 56.134 113.538 0 P 0
L 53.975 115.9256 56.134 115.9256 0 P 0
L 54.0156019 114.54360124 54.0156019 115.78359876 1 P 0
L 56.0324 106.7816 56.0324 112.5728 0 P 0
L 56.1086 111.2774 56.1086 112.5474 1 P 0
L 56.1086 111.2774 56.8706 111.2774 1 P 0
L 56.1086 112.5474 56.8706 112.5474 1 P 0
L 56.134 113.538 56.134 115.9256 0 P 0
L 56.2102 105.3592 56.2102 111.1504 0 P 0
L 56.2102 105.3592 59.6646 105.3592 0 P 0
L 56.2102 111.1504 59.6646 111.1504 0 P 0
L 56.2203981 112.63860124 56.2203981 113.87859876 1 P 0
L 56.2203981 112.63860124 56.8604019 112.63860124 1 P 0
L 56.2203981 113.87859876 56.8604019 113.87859876 1 P 0
L 56.25100256 114.04580188 56.25100256 115.46820188 0 P 0
L 56.25100256 114.04580188 57.29240256 114.04580188 0 P 0
L 56.25100256 115.46820188 57.29240256 115.46820188 0 P 0
L 56.8604019 112.63860124 56.8604019 113.87859876 1 P 0
L 56.8706 111.2774 56.8706 112.5474 1 P 0
L 57.22140194 111.2875981 57.22140194 111.9276019 1 P 0
L 57.22140194 111.2875981 58.46139946 111.2875981 1 P 0
L 57.22140194 111.9276019 58.46139946 111.9276019 1 P 0
L 57.29240256 114.04580188 57.29240256 115.46820188 0 P 0
L 57.3847976 114.42200382 57.3847976 115.66200134 1 P 0
L 57.3847976 114.42200382 58.0248014 114.42200382 1 P 0
L 57.3847976 115.66200134 58.0248014 115.66200134 1 P 0
L 58.0248014 114.42200382 58.0248014 115.66200134 1 P 0
L 58.04920064 114.42220194 58.04920064 115.66219946 1 P 0
L 58.04920064 114.42220194 58.68919936 114.42220194 1 P 0
L 58.04920064 115.66219946 58.68919936 115.66219946 1 P 0
L 58.46139946 111.2875981 58.46139946 111.9276019 1 P 0
L 58.68919936 114.42220194 58.68919936 115.66219946 1 P 0
L 58.71440124 115.02700134 58.71440124 115.66700006 1 P 0
L 58.71440124 115.02700134 59.95439876 115.02700134 1 P 0
L 58.71440124 115.66700006 59.95439876 115.66700006 1 P 0
L 59.6646 105.3592 59.6646 111.1504 0 P 0
L 59.95420064 115.00640194 59.95420064 116.24639946 1 P 0
L 59.95420064 115.00640194 60.59419936 115.00640194 1 P 0
L 59.95420064 116.24639946 60.59419936 116.24639946 1 P 0
L 59.95439876 115.02700134 59.95439876 115.66700006 1 P 0
L 60.59419936 115.00640194 60.59419936 116.24639946 1 P 0
L 60.62780102 112.37160152 60.62780102 118.27159988 0 P 0
L 60.62780102 112.37160152 66.47779948 112.37160152 0 P 0
L 60.62780102 118.27159988 66.47779948 118.27159988 0 P 0
L 66.47779948 112.37160152 66.47779948 118.27159988 0 P 0
