UNITS=MM
#Layer_Color=16711935
#
#Feature symbol names
#
$0 r199.9996
$1 r99.9998

#
#Feature attribute names
#

#
#Layer features
#
L 26.86400012 115.38300012 26.86400012 125.58300004 0 P 0
L 26.86400012 115.38300012 32.06399988 115.38300012 0 P 0
L 26.86400012 125.58300004 32.06399988 125.58300004 0 P 0
L 26.92859994 100.22979954 26.92859994 109.92980046 1 P 0
L 26.92859994 100.22979954 37.02860006 100.22979954 1 P 0
L 26.92859994 109.92980046 37.02860006 109.92980046 1 P 0
L 27.32580006 91.20680006 27.32580006 93.80679994 1 P 0
L 27.32580006 91.20680006 29.92579994 91.20680006 1 P 0
L 27.32580006 93.80679994 29.92579994 93.80679994 1 P 0
L 27.4931378 112.1283381 27.4931378 112.7283369 1 P 0
L 27.4931378 112.1283381 27.7931372 112.1283381 1 P 0
L 27.4931378 112.7283369 27.7931372 112.7283369 1 P 0
L 27.7931372 112.1283381 27.7931372 112.7283369 1 P 0
L 28.5838011 97.59199938 28.5838011 98.24200062 1 P 0
L 28.5838011 97.59199938 29.6837989 97.59199938 1 P 0
L 28.5838011 98.24200062 29.6837989 98.24200062 1 P 0
L 28.6020002 112.1950004 28.6020002 112.5949996 1 P 0
L 28.6020002 112.1950004 28.8019998 112.1950004 1 P 0
L 28.6020002 112.5949996 28.8019998 112.5949996 1 P 0
L 28.8019998 112.1950004 28.8019998 112.5949996 1 P 0
L 29.6688002 112.19500294 29.6688002 112.59500214 1 P 0
L 29.6688002 112.19500294 29.8687998 112.19500294 1 P 0
L 29.6688002 112.59500214 29.8687998 112.59500214 1 P 0
L 29.6837989 97.59199938 29.6837989 98.24200062 1 P 0
L 29.8687998 112.19500294 29.8687998 112.59500214 1 P 0
L 29.92579994 91.20680006 29.92579994 93.80679994 1 P 0
L 30.3546002 97.3360004 30.3546002 97.7359996 1 P 0
L 30.3546002 97.3360004 30.5545998 97.3360004 1 P 0
L 30.3546002 97.7359996 30.5545998 97.7359996 1 P 0
L 30.5545998 97.3360004 30.5545998 97.7359996 1 P 0
L 30.7864002 112.21479716 30.7864002 112.61479636 1 P 0
L 30.7864002 112.21479716 30.9863998 112.21479716 1 P 0
L 30.7864002 112.61479636 30.9863998 112.61479636 1 P 0
L 30.9863998 112.21479716 30.9863998 112.61479636 1 P 0
L 31.046801 98.4036005 31.046801 98.9035995 1 P 0
L 31.046801 98.4036005 32.0294 98.4036005 1 P 0
L 31.046801 98.9035995 32.0294 98.9035995 1 P 0
L 31.0658002 97.3360004 31.0658002 97.7359996 1 P 0
L 31.0658002 97.3360004 31.2657998 97.3360004 1 P 0
L 31.0658002 97.7359996 31.2657998 97.7359996 1 P 0
L 31.2657998 97.3360004 31.2657998 97.7359996 1 P 0
L 31.57380274 112.2204004 31.57380274 112.6203996 1 P 0
L 31.57380274 112.2204004 31.77380234 112.2204004 1 P 0
L 31.57380274 112.6203996 31.77380234 112.6203996 1 P 0
L 31.77380234 112.2204004 31.77380234 112.6203996 1 P 0
L 32.0294 98.4036005 32.0294 98.9035995 1 P 0
L 32.06399988 115.38300012 32.06399988 125.58300004 0 P 0
L 33.49600108 116.34099668 33.49600108 120.64099824 1 P 0
L 33.49600108 116.34099668 36.09999892 116.34099668 1 P 0
L 33.49600108 117.3859984 34.5399995 116.34099668 1 P 0
L 33.49600108 120.64099824 36.09999892 120.64099824 1 P 0
L 36.09999892 116.34099668 36.09999892 120.64099824 1 P 0
L 36.5594011 116.15939938 36.5594011 116.80940062 1 P 0
L 36.5594011 116.15939938 37.6593989 116.15939938 1 P 0
L 36.5594011 116.80940062 37.6593989 116.80940062 1 P 0
L 36.79199906 114.3572008 36.79199906 115.1571992 0 P 0
L 36.79199906 114.3572008 38.39200094 114.3572008 0 P 0
L 36.79199906 115.1571992 38.39200094 115.1571992 0 P 0
L 36.838001 120.1460005 36.838001 120.6459995 1 P 0
L 36.838001 120.1460005 37.8206 120.1460005 1 P 0
L 36.838001 120.6459995 37.8206 120.6459995 1 P 0
L 37.02860006 100.22979954 37.02860006 109.92980046 1 P 0
L 37.22699946 117.10999692 37.22699946 119.109998 1 P 0
L 37.22699946 117.10999692 39.22700054 117.10999692 1 P 0
L 37.22699946 118.60999646 37.727001 119.109998 1 P 0
L 37.22699946 119.109998 39.22700054 119.109998 1 P 0
L 37.42699906 121.2660008 37.42699906 122.0659992 0 P 0
L 37.42699906 121.2660008 39.02700094 121.2660008 0 P 0
L 37.42699906 122.0659992 39.02700094 122.0659992 0 P 0
L 37.6593989 116.15939938 37.6593989 116.80940062 1 P 0
L 37.8206 120.1460005 37.8206 120.6459995 1 P 0
L 38.39200094 114.3572008 38.39200094 115.1571992 0 P 0
L 38.743001 119.6380005 38.743001 120.1379995 1 P 0
L 38.743001 119.6380005 39.7256 119.6380005 1 P 0
L 38.743001 120.1379995 39.7256 120.1379995 1 P 0
L 39.02700094 121.2660008 39.02700094 122.0659992 0 P 0
L 39.22700054 117.10999692 39.22700054 119.109998 1 P 0
L 39.38279906 122.6376008 39.38279906 123.4375992 1 P 0
L 39.38279906 122.6376008 40.98280094 122.6376008 1 P 0
L 39.38279906 123.4375992 40.98280094 123.4375992 1 P 0
L 39.4248005 114.231801 39.4248005 115.2144 1 P 0
L 39.4248005 114.231801 39.9247995 114.231801 1 P 0
L 39.4248005 115.2144 39.9247995 115.2144 1 P 0
L 39.44860284 102.997 39.44860284 105.537 1 P 0
L 39.44860284 102.997 52.44860224 102.997 1 P 0
L 39.44860284 105.537 52.44860224 105.537 1 P 0
L 39.7256 119.6380005 39.7256 120.1379995 1 P 0
L 39.9247995 114.231801 39.9247995 115.2144 1 P 0
L 40.31499938 118.3220011 40.31499938 119.4219989 1 P 0
L 40.31499938 118.3220011 40.96500062 118.3220011 1 P 0
L 40.31499938 119.4219989 40.96500062 119.4219989 1 P 0
L 40.4202011 117.35319938 40.4202011 118.00320062 1 P 0
L 40.4202011 117.35319938 41.5201989 117.35319938 1 P 0
L 40.4202011 118.00320062 41.5201989 118.00320062 1 P 0
L 40.4202011 121.4644002 40.4202011 121.6643998 1 P 0
L 40.4202011 121.4644002 40.8202003 121.4644002 1 P 0
L 40.4202011 121.6643998 40.8202003 121.6643998 1 P 0
L 40.8202003 121.4644002 40.8202003 121.6643998 1 P 0
L 40.96500062 118.3220011 40.96500062 119.4219989 1 P 0
L 40.9718002 114.7604004 40.9718002 115.1603996 1 P 0
L 40.9718002 114.7604004 41.1717998 114.7604004 1 P 0
L 40.9718002 115.1603996 41.1717998 115.1603996 1 P 0
L 40.98280094 122.6376008 40.98280094 123.4375992 1 P 0
L 41.1717998 114.7604004 41.1717998 115.1603996 1 P 0
L 41.3282003 111.32460082 41.3282003 111.92459962 1 P 0
L 41.3282003 111.32460082 41.6281997 111.32460082 1 P 0
L 41.3282003 111.92459962 41.6281997 111.92459962 1 P 0
L 41.5201989 117.35319938 41.5201989 118.00320062 1 P 0
L 41.54179906 109.9630008 41.54179906 110.7629992 1 P 0
L 41.54179906 109.9630008 43.14180094 109.9630008 1 P 0
L 41.54179906 110.7629992 43.14180094 110.7629992 1 P 0
L 41.5560002 121.6946004 41.5560002 122.0945996 1 P 0
L 41.5560002 121.6946004 41.7559998 121.6946004 1 P 0
L 41.5560002 122.0945996 41.7559998 122.0945996 1 P 0
L 41.6281997 111.32460082 41.6281997 111.92459962 1 P 0
L 41.64085398 112.87900208 41.64085398 113.07900168 1 P 0
L 41.64085398 112.87900208 42.04085318 112.87900208 1 P 0
L 41.64085398 113.07900168 42.04085318 113.07900168 1 P 0
L 41.6576002 114.7604004 41.6576002 115.1603996 1 P 0
L 41.6576002 114.7604004 41.8575998 114.7604004 1 P 0
L 41.6576002 115.1603996 41.8575998 115.1603996 1 P 0
L 41.7559998 121.6946004 41.7559998 122.0945996 1 P 0
L 41.8575998 114.7604004 41.8575998 115.1603996 1 P 0
L 42.04085318 112.87900208 42.04085318 113.07900168 1 P 0
L 42.0656004 109.3994002 42.0656004 109.5993998 1 P 0
L 42.0656004 109.3994002 42.4655996 109.3994002 1 P 0
L 42.0656004 109.5993998 42.4655996 109.5993998 1 P 0
L 42.3434002 114.7547997 42.3434002 115.1547989 1 P 0
L 42.3434002 114.7547997 42.5433998 114.7547997 1 P 0
L 42.3434002 115.1547989 42.5433998 115.1547989 1 P 0
L 42.4655996 109.3994002 42.4655996 109.5993998 1 P 0
L 42.5433998 114.7547997 42.5433998 115.1547989 1 P 0
L 43.0292002 111.4076004 43.0292002 111.8075996 1 P 0
L 43.0292002 111.4076004 43.2291998 111.4076004 1 P 0
L 43.0292002 111.8075996 43.2291998 111.8075996 1 P 0
L 43.0292002 114.7604004 43.0292002 115.1603996 1 P 0
L 43.0292002 114.7604004 43.2291998 114.7604004 1 P 0
L 43.0292002 115.1603996 43.2291998 115.1603996 1 P 0
L 43.14180094 109.9630008 43.14180094 110.7629992 1 P 0
L 43.2291998 111.4076004 43.2291998 111.8075996 1 P 0
L 43.2291998 114.7604004 43.2291998 115.1603996 1 P 0
L 44.12099888 109.73300126 44.12099888 116.7330025 1 P 0
L 44.12099888 109.73300126 51.12100012 109.73300126 1 P 0
L 44.12099888 110.2330028 44.62100042 109.73300126 1 P 0
L 44.12099888 116.7330025 51.12100012 116.7330025 1 P 0
L 45.4365995 108.28400238 45.4365995 108.78400138 1 P 0
L 45.4365995 108.28400238 46.4191985 108.28400238 1 P 0
L 45.4365995 108.78400138 46.4191985 108.78400138 1 P 0
L 46.4191985 108.28400238 46.4191985 108.78400138 1 P 0
L 46.4344004 117.5782002 46.4344004 117.7781998 1 P 0
L 46.4344004 117.5782002 46.8343996 117.5782002 1 P 0
L 46.4344004 117.7781998 46.8343996 117.7781998 1 P 0
L 46.8343996 117.5782002 46.8343996 117.7781998 1 P 0
L 46.871001 108.2842005 46.871001 108.7841995 1 P 0
L 46.871001 108.2842005 47.8536 108.2842005 1 P 0
L 46.871001 108.7841995 47.8536 108.7841995 1 P 0
L 47.50999896 121.25400184 47.50999896 123.75400192 1 P 0
L 47.50999896 121.25400184 49.51000004 121.25400184 1 P 0
L 47.50999896 123.75400192 49.51000004 123.75400192 1 P 0
L 47.8536 108.2842005 47.8536 108.7841995 1 P 0
L 48.2624003 118.9530006 48.2624003 119.5529994 1 P 0
L 48.2624003 118.9530006 48.5623997 118.9530006 1 P 0
L 48.2624003 119.5529994 48.5623997 119.5529994 1 P 0
L 48.2829997 117.85900228 48.2829997 118.25900148 1 P 0
L 48.2829997 117.85900228 48.4829993 117.85900228 1 P 0
L 48.2829997 118.25900148 48.4829993 118.25900148 1 P 0
L 48.4829993 117.85900228 48.4829993 118.25900148 1 P 0
L 48.5623997 118.9530006 48.5623997 119.5529994 1 P 0
L 48.6909999 124.43600208 48.6909999 124.63600168 1 P 0
L 48.6909999 124.43600208 49.0909991 124.43600208 1 P 0
L 48.6909999 124.63600168 49.0909991 124.63600168 1 P 0
L 48.7180001 108.63800218 48.7180001 108.93800158 1 P 0
L 48.7180001 108.63800218 49.3179989 108.63800218 1 P 0
L 48.7180001 108.93800158 49.3179989 108.93800158 1 P 0
L 49.0909991 124.43600208 49.0909991 124.63600168 1 P 0
L 49.1219998 119.15600248 49.1219998 119.75600128 1 P 0
L 49.1219998 119.15600248 49.4219992 119.15600248 1 P 0
L 49.1219998 119.75600128 49.4219992 119.75600128 1 P 0
L 49.1719997 117.85900228 49.1719997 118.25900148 1 P 0
L 49.1719997 117.85900228 49.3719993 117.85900228 1 P 0
L 49.1719997 118.25900148 49.3719993 118.25900148 1 P 0
L 49.3179989 108.63800218 49.3179989 108.93800158 1 P 0
L 49.3719993 117.85900228 49.3719993 118.25900148 1 P 0
L 49.4219992 119.15600248 49.4219992 119.75600128 1 P 0
L 49.51000004 121.25400184 49.51000004 123.75400192 1 P 0
L 50.0879999 108.68800208 50.0879999 108.88800168 1 P 0
L 50.0879999 108.68800208 50.4879991 108.68800208 1 P 0
L 50.0879999 108.88800168 50.4879991 108.88800168 1 P 0
L 50.165 120.49740188 50.165 121.48000088 1 P 0
L 50.165 120.49740188 50.664999 120.49740188 1 P 0
L 50.165 121.48000088 50.664999 121.48000088 1 P 0
L 50.3149997 117.85900228 50.3149997 118.25900148 1 P 0
L 50.3149997 117.85900228 50.5149993 117.85900228 1 P 0
L 50.3149997 118.25900148 50.5149993 118.25900148 1 P 0
L 50.3149997 119.38300228 50.3149997 119.78300148 1 P 0
L 50.3149997 119.38300228 50.5149993 119.38300228 1 P 0
L 50.3149997 119.78300148 50.5149993 119.78300148 1 P 0
L 50.4879991 108.68800208 50.4879991 108.88800168 1 P 0
L 50.5149993 117.85900228 50.5149993 118.25900148 1 P 0
L 50.5149993 119.38300228 50.5149993 119.78300148 1 P 0
L 50.664999 120.49740188 50.664999 121.48000088 1 P 0
L 51.0269998 118.64800248 51.0269998 119.24800128 1 P 0
L 51.0269998 118.64800248 51.3269992 118.64800248 1 P 0
L 51.0269998 119.24800128 51.3269992 119.24800128 1 P 0
L 51.12100012 109.73300126 51.12100012 116.7330025 1 P 0
L 51.3269992 118.64800248 51.3269992 119.24800128 1 P 0
L 51.6865997 116.61440228 51.6865997 117.01440148 1 P 0
L 51.6865997 116.61440228 51.8865993 116.61440228 1 P 0
L 51.6865997 117.01440148 51.8865993 117.01440148 1 P 0
L 51.8865993 116.61440228 51.8865993 117.01440148 1 P 0
L 52.3002002 116.6146004 52.3002002 117.0145996 1 P 0
L 52.3002002 116.6146004 52.5001998 116.6146004 1 P 0
L 52.3002002 117.0145996 52.5001998 117.0145996 1 P 0
L 52.44860224 102.997 52.44860224 105.537 1 P 0
L 52.5001998 116.6146004 52.5001998 117.0145996 1 P 0
L 52.55779938 114.9438011 52.55779938 116.0437989 1 P 0
L 52.55779938 114.9438011 53.20780062 114.9438011 1 P 0
L 52.55779938 116.0437989 53.20780062 116.0437989 1 P 0
L 52.83060046 107.75259882 52.83060046 111.65260118 1 P 0
L 52.83060046 107.75259882 55.83059954 107.75259882 1 P 0
L 52.83060046 111.65260118 55.83059954 111.65260118 1 P 0
L 53.20780062 114.9438011 53.20780062 116.0437989 1 P 0
L 53.5956002 114.9636004 53.5956002 115.3635996 1 P 0
L 53.5956002 114.9636004 53.7955998 114.9636004 1 P 0
L 53.5956002 115.3635996 53.7955998 115.3635996 1 P 0
L 53.7955998 114.9636004 53.7955998 115.3635996 1 P 0
L 54.12680056 113.66680086 54.12680056 115.79679914 1 P 0
L 54.12680056 113.66680086 55.95679944 113.66680086 1 P 0
L 54.12680056 115.79679914 55.95679944 115.79679914 1 P 0
L 55.83059954 107.75259882 55.83059954 111.65260118 1 P 0
L 55.95679944 113.66680086 55.95679944 115.79679914 1 P 0
L 56.2396005 111.4298 56.2396005 112.412399 1 P 0
L 56.2396005 111.4298 56.7395995 111.4298 1 P 0
L 56.2396005 112.412399 56.7395995 112.412399 1 P 0
L 56.41200046 106.27939882 56.41200046 110.17940118 1 P 0
L 56.41200046 106.27939882 59.41199954 106.27939882 1 P 0
L 56.41200046 110.17940118 59.41199954 110.17940118 1 P 0
L 56.43440326 114.20700298 56.43440326 115.30700078 1 P 0
L 56.43440326 114.20700298 57.13440186 114.20700298 1 P 0
L 56.43440326 115.30700078 57.13440186 115.30700078 1 P 0
L 56.4404002 113.0586004 56.4404002 113.4585996 1 P 0
L 56.4404002 113.0586004 56.6403998 113.0586004 1 P 0
L 56.4404002 113.4585996 56.6403998 113.4585996 1 P 0
L 56.6403998 113.0586004 56.6403998 113.4585996 1 P 0
L 56.7395995 111.4298 56.7395995 112.412399 1 P 0
L 57.13440186 114.20700298 57.13440186 115.30700078 1 P 0
L 57.6047997 114.84200298 57.6047997 115.24200218 1 P 0
L 57.6047997 114.84200298 57.8047993 114.84200298 1 P 0
L 57.6047997 115.24200218 57.8047993 115.24200218 1 P 0
L 57.6414011 111.5076002 57.6414011 111.7075998 1 P 0
L 57.6414011 111.5076002 58.0414003 111.5076002 1 P 0
L 57.6414011 111.7075998 58.0414003 111.7075998 1 P 0
L 57.8047993 114.84200298 57.8047993 115.24200218 1 P 0
L 58.0414003 111.5076002 58.0414003 111.7075998 1 P 0
L 58.2692002 114.8422011 58.2692002 115.2422003 1 P 0
L 58.2692002 114.8422011 58.4691998 114.8422011 1 P 0
L 58.2692002 115.2422003 58.4691998 115.2422003 1 P 0
L 58.4691998 114.8422011 58.4691998 115.2422003 1 P 0
L 59.1344004 115.2470009 59.1344004 115.4470005 1 P 0
L 59.1344004 115.2470009 59.5343996 115.2470009 1 P 0
L 59.1344004 115.4470005 59.5343996 115.4470005 1 P 0
L 59.41199954 106.27939882 59.41199954 110.17940118 1 P 0
L 59.5343996 115.2470009 59.5343996 115.4470005 1 P 0
L 60.1742002 115.4264011 60.1742002 115.8264003 1 P 0
L 60.1742002 115.4264011 60.3741998 115.4264011 1 P 0
L 60.1742002 115.8264003 60.3741998 115.8264003 1 P 0
L 60.3741998 115.4264011 60.3741998 115.8264003 1 P 0
L 62.37780006 114.02160076 62.37780006 116.62160064 1 P 0
L 62.37780006 114.02160076 64.97779994 114.02160076 1 P 0
L 62.37780006 116.62160064 64.97779994 116.62160064 1 P 0
L 64.97779994 114.02160076 64.97779994 116.62160064 1 P 0
