UNITS=MM
#Layer_Color=9474304
#
#Feature symbol names
#
$0 r127

#
#Feature attribute names
#

#
#Layer features
#
L 45.2628 110.7948 45.2628 111.0488 0 P 0
L 45.2628 110.7948 45.5168 110.7948 0 P 0
L 45.2628 111.0488 45.5168 111.3028 0 P 0
L 45.2628 111.5568 45.2628 111.8108 0 P 0
L 45.2628 111.5568 45.5168 111.3028 0 P 0
L 45.2628 111.8108 45.5168 111.8108 0 P 0
L 45.5168 110.7948 45.7708 111.0488 0 P 0
L 45.5168 111.8108 45.7708 111.5568 0 P 0
L 45.7708 111.0488 46.0248 110.7948 0 P 0
L 45.7708 111.5568 46.0248 111.8108 0 P 0
L 46.0248 110.7948 46.2788 110.7948 0 P 0
L 46.0248 111.3028 46.2788 111.0488 0 P 0
L 46.0248 111.3028 46.2788 111.5568 0 P 0
L 46.0248 111.8108 46.2788 111.8108 0 P 0
L 46.2788 110.7948 46.2788 111.0488 0 P 0
L 46.2788 111.5568 46.2788 111.8108 0 P 0
L 48.9712 110.7694 48.9712 111.0234 0 P 0
L 48.9712 110.7694 49.2252 110.7694 0 P 0
L 48.9712 111.0234 49.2252 111.2774 0 P 0
L 48.9712 111.5314 48.9712 111.7854 0 P 0
L 48.9712 111.5314 49.2252 111.2774 0 P 0
L 48.9712 111.7854 49.2252 111.7854 0 P 0
L 49.2252 110.7694 49.4792 111.0234 0 P 0
L 49.2252 111.7854 49.4792 111.5314 0 P 0
L 49.4792 111.0234 49.7332 110.7694 0 P 0
L 49.4792 111.5314 49.7332 111.7854 0 P 0
L 49.7332 110.7694 49.9872 110.7694 0 P 0
L 49.7332 111.2774 49.9872 111.0234 0 P 0
L 49.7332 111.2774 49.9872 111.5314 0 P 0
L 49.7332 111.7854 49.9872 111.7854 0 P 0
L 49.9872 110.7694 49.9872 111.0234 0 P 0
L 49.9872 111.5314 49.9872 111.7854 0 P 0
