UNITS=MM
#Layer_Color=9474304
#
#Feature symbol names
#
$0 r127

#
#Feature attribute names
#

#
#Layer features
#
L 26.289 90.805 26.543 90.805 0 P 0
L 26.289 97.409 26.543 97.409 0 P 0
L 26.289 104.013 26.543 104.013 0 P 0
L 26.289 107.315 26.543 107.315 0 P 0
L 26.289 110.617 26.543 110.617 0 P 0
L 26.289 123.825 26.543 123.825 0 P 0
L 26.3652 100.584 26.6192 100.584 0 P 0
L 26.416 90.678 26.416 90.932 0 P 0
L 26.416 97.282 26.416 97.536 0 P 0
L 26.416 103.886 26.416 104.14 0 P 0
L 26.416 107.188 26.416 107.442 0 P 0
L 26.416 110.49 26.416 110.744 0 P 0
L 26.416 123.698 26.416 123.952 0 P 0
L 26.4922 100.457 26.4922 100.711 0 P 0
L 27.1145 105.664 27.3685 105.664 0 P 0
L 27.1145 122.174 27.3685 122.174 0 P 0
L 27.1145 125.476 27.3685 125.476 0 P 0
L 27.2288 94.234 27.432 94.234 0 P 0
L 27.2415 105.537 27.2415 105.791 0 P 0
L 27.2415 122.047 27.2415 122.301 0 P 0
L 27.2415 125.349 27.2415 125.603 0 P 0
L 27.3304 94.1324 27.3304 94.3356 0 P 0
L 27.4828 97.8408 27.686 97.8408 0 P 0
L 27.4828 101.854 27.7368 101.854 0 P 0
L 27.5844 97.7392 27.5844 97.9424 0 P 0
L 27.6098 101.727 27.6098 101.981 0 P 0
L 27.6352 96.0882 27.8384 96.0882 0 P 0
L 27.6352 97.028 27.8384 97.028 0 P 0
L 27.7114 95.0976 27.9146 95.0976 0 P 0
L 27.7368 95.9866 27.7368 96.1898 0 P 0
L 27.7368 96.9264 27.7368 97.1296 0 P 0
L 27.7622 98.806 27.9654 98.806 0 P 0
L 27.813 94.996 27.813 95.1992 0 P 0
L 27.813 113.5888 28.067 113.5888 0 P 0
L 27.8638 98.7044 27.8638 98.9076 0 P 0
L 27.94 90.805 28.194 90.805 0 P 0
L 27.94 104.013 28.194 104.013 0 P 0
L 27.94 107.315 28.194 107.315 0 P 0
L 27.94 113.4618 27.94 113.7158 0 P 0
L 28.067 90.678 28.067 90.932 0 P 0
L 28.067 103.886 28.067 104.14 0 P 0
L 28.067 107.188 28.067 107.442 0 P 0
L 28.448 92.7862 28.6512 92.7862 0 P 0
L 28.5496 92.6846 28.5496 92.8878 0 P 0
L 28.5640018 117.983 30.3639982 117.983 0 P 0
L 28.5640018 122.98300016 30.3639982 122.98300016 0 P 0
L 28.7655 105.664 29.0195 105.664 0 P 0
L 28.7655 125.476 29.0195 125.476 0 P 0
L 28.8925 105.537 28.8925 105.791 0 P 0
L 28.8925 125.349 28.8925 125.603 0 P 0
L 29.21 101.8794 29.464 101.8794 0 P 0
L 29.337 101.7524 29.337 102.0064 0 P 0
L 29.464 117.0830018 29.464 118.8829982 0 P 0
L 29.464 122.08300196 29.464 123.88299836 0 P 0
L 29.4894 96.52 29.6926 96.52 0 P 0
L 29.4894 98.8822 29.6926 98.8822 0 P 0
L 29.5656 95.3008 29.7688 95.3008 0 P 0
L 29.591 90.805 29.845 90.805 0 P 0
L 29.591 96.4184 29.591 96.6216 0 P 0
L 29.591 98.7806 29.591 98.9838 0 P 0
L 29.591 104.013 29.845 104.013 0 P 0
L 29.591 107.315 29.845 107.315 0 P 0
L 29.6672 95.1992 29.6672 95.4024 0 P 0
L 29.6926 113.8936 29.9466 113.8936 0 P 0
L 29.718 90.678 29.718 90.932 0 P 0
L 29.718 103.886 29.718 104.14 0 P 0
L 29.718 107.188 29.718 107.442 0 P 0
L 29.8196 113.7666 29.8196 114.0206 0 P 0
L 29.8958 94.1324 30.099 94.1324 0 P 0
L 29.9974 94.0308 29.9974 94.234 0 P 0
L 30.1498 101.854 30.4038 101.854 0 P 0
L 30.2768 101.727 30.2768 101.981 0 P 0
L 30.4165 95.758 30.6705 95.758 0 P 0
L 30.4165 105.664 30.6705 105.664 0 P 0
L 30.4165 125.476 30.6705 125.476 0 P 0
L 30.5435 95.631 30.5435 95.885 0 P 0
L 30.5435 105.537 30.5435 105.791 0 P 0
L 30.5435 125.349 30.5435 125.603 0 P 0
L 30.8864 96.5454 31.0896 96.5454 0 P 0
L 30.988 96.4438 30.988 96.647 0 P 0
L 31.242 90.805 31.496 90.805 0 P 0
L 31.242 94.107 31.496 94.107 0 P 0
L 31.242 104.013 31.496 104.013 0 P 0
L 31.242 107.315 31.496 107.315 0 P 0
L 31.242 123.825 31.496 123.825 0 P 0
L 31.2928 113.7412 31.5468 113.7412 0 P 0
L 31.369 90.678 31.369 90.932 0 P 0
L 31.369 93.98 31.369 94.234 0 P 0
L 31.369 103.886 31.369 104.14 0 P 0
L 31.369 107.188 31.369 107.442 0 P 0
L 31.369 123.698 31.369 123.952 0 P 0
L 31.4198 113.6142 31.4198 113.8682 0 P 0
L 31.8008 97.1296 32.004 97.1296 0 P 0
L 31.9024 97.028 31.9024 97.2312 0 P 0
L 32.0675 92.456 32.3215 92.456 0 P 0
L 32.0675 95.758 32.3215 95.758 0 P 0
L 32.0675 102.362 32.3215 102.362 0 P 0
L 32.0675 105.664 32.3215 105.664 0 P 0
L 32.0675 125.476 32.3215 125.476 0 P 0
L 32.1945 92.329 32.1945 92.583 0 P 0
L 32.1945 95.631 32.1945 95.885 0 P 0
L 32.1945 102.235 32.1945 102.489 0 P 0
L 32.1945 105.537 32.1945 105.791 0 P 0
L 32.1945 125.349 32.1945 125.603 0 P 0
L 32.893 90.805 33.147 90.805 0 P 0
L 32.893 94.107 33.147 94.107 0 P 0
L 32.893 97.409 33.147 97.409 0 P 0
L 32.893 104.013 33.147 104.013 0 P 0
L 32.893 107.315 33.147 107.315 0 P 0
L 33.02 90.678 33.02 90.932 0 P 0
L 33.02 93.98 33.02 94.234 0 P 0
L 33.02 97.282 33.02 97.536 0 P 0
L 33.02 103.886 33.02 104.14 0 P 0
L 33.02 107.188 33.02 107.442 0 P 0
L 33.7185 92.456 33.9725 92.456 0 P 0
L 33.7185 95.758 33.9725 95.758 0 P 0
L 33.7185 105.664 33.9725 105.664 0 P 0
L 33.7185 125.476 33.9725 125.476 0 P 0
L 33.8455 92.329 33.8455 92.583 0 P 0
L 33.8455 95.631 33.8455 95.885 0 P 0
L 33.8455 105.537 33.8455 105.791 0 P 0
L 33.8455 125.349 33.8455 125.603 0 P 0
L 33.909 122.047 34.163 122.047 0 P 0
L 34.036 102.0064 34.29 102.0064 0 P 0
L 34.036 121.92 34.036 122.174 0 P 0
L 34.163 101.8794 34.163 102.1334 0 P 0
L 34.544 90.805 34.798 90.805 0 P 0
L 34.544 94.107 34.798 94.107 0 P 0
L 34.544 97.409 34.798 97.409 0 P 0
L 34.544 107.315 34.798 107.315 0 P 0
L 34.671 90.678 34.671 90.932 0 P 0
L 34.671 93.98 34.671 94.234 0 P 0
L 34.671 97.282 34.671 97.536 0 P 0
L 34.671 107.188 34.671 107.442 0 P 0
L 35.2044 102.0064 35.4584 102.0064 0 P 0
L 35.3314 101.8794 35.3314 102.1334 0 P 0
L 35.3695 92.456 35.6235 92.456 0 P 0
L 35.3695 95.758 35.6235 95.758 0 P 0
L 35.3695 125.476 35.6235 125.476 0 P 0
L 35.433 122.047 35.687 122.047 0 P 0
L 35.4965 92.329 35.4965 92.583 0 P 0
L 35.4965 95.631 35.4965 95.885 0 P 0
L 35.4965 125.349 35.4965 125.603 0 P 0
L 35.56 121.92 35.56 122.174 0 P 0
L 36.195 90.805 36.449 90.805 0 P 0
L 36.195 94.107 36.449 94.107 0 P 0
L 36.195 97.409 36.449 97.409 0 P 0
L 36.195 107.315 36.449 107.315 0 P 0
L 36.322 90.678 36.322 90.932 0 P 0
L 36.322 93.98 36.322 94.234 0 P 0
L 36.322 97.282 36.322 97.536 0 P 0
L 36.322 107.188 36.322 107.442 0 P 0
L 36.9316 111.379 37.1856 111.379 0 P 0
L 37.0205 92.456 37.2745 92.456 0 P 0
L 37.0205 95.758 37.2745 95.758 0 P 0
L 37.0205 102.362 37.2745 102.362 0 P 0
L 37.0205 125.476 37.2745 125.476 0 P 0
L 37.0586 111.252 37.0586 111.506 0 P 0
L 37.1475 92.329 37.1475 92.583 0 P 0
L 37.1475 95.631 37.1475 95.885 0 P 0
L 37.1475 102.235 37.1475 102.489 0 P 0
L 37.1475 125.349 37.1475 125.603 0 P 0
L 37.4142 110.1852 37.6682 110.1852 0 P 0
L 37.5412 110.0582 37.5412 110.3122 0 P 0
L 37.846 90.805 38.1 90.805 0 P 0
L 37.846 94.107 38.1 94.107 0 P 0
L 37.846 97.409 38.1 97.409 0 P 0
L 37.846 100.711 38.1 100.711 0 P 0
L 37.846 104.013 38.1 104.013 0 P 0
L 37.973 90.678 37.973 90.932 0 P 0
L 37.973 93.98 37.973 94.234 0 P 0
L 37.973 97.282 37.973 97.536 0 P 0
L 37.973 100.584 37.973 100.838 0 P 0
L 37.973 103.886 37.973 104.14 0 P 0
L 37.973 119.507 38.227 119.507 0 P 0
L 38.1 119.38 38.1 119.634 0 P 0
L 38.4556 115.9764 38.7096 115.9764 0 P 0
L 38.5826 115.8494 38.5826 116.1034 0 P 0
L 38.6715 92.456 38.9255 92.456 0 P 0
L 38.6715 95.758 38.9255 95.758 0 P 0
L 38.6715 99.06 38.9255 99.06 0 P 0
L 38.6715 102.362 38.9255 102.362 0 P 0
L 38.6715 125.476 38.9255 125.476 0 P 0
L 38.7985 92.329 38.7985 92.583 0 P 0
L 38.7985 95.631 38.7985 95.885 0 P 0
L 38.7985 98.933 38.7985 99.187 0 P 0
L 38.7985 102.235 38.7985 102.489 0 P 0
L 38.7985 125.349 38.7985 125.603 0 P 0
L 39.497 90.805 39.751 90.805 0 P 0
L 39.497 94.107 39.751 94.107 0 P 0
L 39.497 97.409 39.751 97.409 0 P 0
L 39.497 100.711 39.751 100.711 0 P 0
L 39.624 90.678 39.624 90.932 0 P 0
L 39.624 93.98 39.624 94.234 0 P 0
L 39.624 97.282 39.624 97.536 0 P 0
L 39.624 100.584 39.624 100.838 0 P 0
L 39.624 116.4082 39.8272 116.4082 0 P 0
L 39.7256 116.3066 39.7256 116.5098 0 P 0
L 40.31860364 104.267 41.41860144 104.267 0 P 0
L 40.3225 92.456 40.5765 92.456 0 P 0
L 40.3225 95.758 40.5765 95.758 0 P 0
L 40.3225 99.06 40.5765 99.06 0 P 0
L 40.3225 125.476 40.5765 125.476 0 P 0
L 40.4495 92.329 40.4495 92.583 0 P 0
L 40.4495 95.631 40.4495 95.885 0 P 0
L 40.4495 98.933 40.4495 99.187 0 P 0
L 40.4495 125.349 40.4495 125.603 0 P 0
L 40.64 110.2106 40.894 110.2106 0 P 0
L 40.6908 112.91161822 40.9448 112.91161822 0 P 0
L 40.767 110.0836 40.767 110.3376 0 P 0
L 40.8178 112.78461822 40.8178 113.03861822 0 P 0
L 40.86860254 103.7170011 40.86860254 104.8169989 0 P 0
L 40.9194 116.332 41.1734 116.332 0 P 0
L 41.0464 116.205 41.0464 116.459 0 P 0
L 41.0718 109.5248 41.3258 109.5248 0 P 0
L 41.148 90.805 41.402 90.805 0 P 0
L 41.148 94.107 41.402 94.107 0 P 0
L 41.148 97.409 41.402 97.409 0 P 0
L 41.148 100.711 41.402 100.711 0 P 0
L 41.1988 109.3978 41.1988 109.6518 0 P 0
L 41.275 90.678 41.275 90.932 0 P 0
L 41.275 93.98 41.275 94.234 0 P 0
L 41.275 97.282 41.275 97.536 0 P 0
L 41.275 100.584 41.275 100.838 0 P 0
L 41.8592 123.0376 42.1132 123.0376 0 P 0
L 41.9735 92.456 42.2275 92.456 0 P 0
L 41.9735 95.758 42.2275 95.758 0 P 0
L 41.9735 99.06 42.2275 99.06 0 P 0
L 41.9735 125.476 42.2275 125.476 0 P 0
L 41.9862 122.9106 41.9862 123.1646 0 P 0
L 42.0116 116.2558 42.2656 116.2558 0 P 0
L 42.03062714 113.6396 42.23382714 113.6396 0 P 0
L 42.1005 92.329 42.1005 92.583 0 P 0
L 42.1005 95.631 42.1005 95.885 0 P 0
L 42.1005 98.933 42.1005 99.187 0 P 0
L 42.1005 125.349 42.1005 125.603 0 P 0
L 42.13222714 113.538 42.13222714 113.7412 0 P 0
L 42.1386 116.1288 42.1386 116.3828 0 P 0
L 42.2402 111.1758 42.4434 111.1758 0 P 0
L 42.2402 112.00120094 42.4434 112.00120094 0 P 0
L 42.3164 117.2972 42.5704 117.2972 0 P 0
L 42.3418 111.0742 42.3418 111.2774 0 P 0
L 42.3418 111.89960094 42.3418 112.10280094 0 P 0
L 42.4434 117.1702 42.4434 117.4242 0 P 0
L 42.4688 121.2088 42.7228 121.2088 0 P 0
L 42.5958 121.0818 42.5958 121.3358 0 P 0
L 42.6974 118.6434 42.9006 118.6434 0 P 0
L 42.7228 119.6848 42.926 119.6848 0 P 0
L 42.799 90.805 43.053 90.805 0 P 0
L 42.799 94.107 43.053 94.107 0 P 0
L 42.799 97.409 43.053 97.409 0 P 0
L 42.799 100.711 43.053 100.711 0 P 0
L 42.799 118.5418 42.799 118.745 0 P 0
L 42.8244 119.5832 42.8244 119.7864 0 P 0
L 42.85860364 104.267 43.95860144 104.267 0 P 0
L 42.926 90.678 42.926 90.932 0 P 0
L 42.926 93.98 42.926 94.234 0 P 0
L 42.926 97.282 42.926 97.536 0 P 0
L 42.926 100.584 42.926 100.838 0 P 0
L 42.9768 116.0526 43.2308 116.0526 0 P 0
L 43.1038 115.9256 43.1038 116.1796 0 P 0
L 43.23965698 109.27140706 43.49365698 109.27140706 0 P 0
L 43.36665698 109.14440706 43.36665698 109.39840706 0 P 0
L 43.40860254 103.7170011 43.40860254 104.8169989 0 P 0
L 43.6245 92.456 43.8785 92.456 0 P 0
L 43.6245 95.758 43.8785 95.758 0 P 0
L 43.6245 99.06 43.8785 99.06 0 P 0
L 43.6245 125.476 43.8785 125.476 0 P 0
L 43.7515 92.329 43.7515 92.583 0 P 0
L 43.7515 95.631 43.7515 95.885 0 P 0
L 43.7515 98.933 43.7515 99.187 0 P 0
L 43.7515 125.349 43.7515 125.603 0 P 0
L 44.45 90.805 44.704 90.805 0 P 0
L 44.45 94.107 44.704 94.107 0 P 0
L 44.45 97.409 44.704 97.409 0 P 0
L 44.45 100.711 44.704 100.711 0 P 0
L 44.45 123.825 44.704 123.825 0 P 0
L 44.577 90.678 44.577 90.932 0 P 0
L 44.577 93.98 44.577 94.234 0 P 0
L 44.577 97.282 44.577 97.536 0 P 0
L 44.577 100.584 44.577 100.838 0 P 0
L 44.577 123.698 44.577 123.952 0 P 0
L 44.74130752 117.79170752 44.99530752 117.79170752 0 P 0
L 44.8056 118.6688 45.0088 118.6688 0 P 0
L 44.86830752 117.66470752 44.86830752 117.91870752 0 P 0
L 44.9072 118.5672 44.9072 118.7704 0 P 0
L 45.2755 92.456 45.5295 92.456 0 P 0
L 45.2755 95.758 45.5295 95.758 0 P 0
L 45.2755 99.06 45.5295 99.06 0 P 0
L 45.2755 125.476 45.5295 125.476 0 P 0
L 45.339 115.1382 46.0502 115.1382 0 P 0
L 45.39860364 104.267 46.49860144 104.267 0 P 0
L 45.4025 92.329 45.4025 92.583 0 P 0
L 45.4025 95.631 45.4025 95.885 0 P 0
L 45.4025 98.933 45.4025 99.187 0 P 0
L 45.4025 125.349 45.4025 125.603 0 P 0
L 45.4152 111.3028 46.1264 111.3028 0 P 0
L 45.593 119.5832 45.7962 119.5832 0 P 0
L 45.6946 114.7826 45.6946 115.4938 0 P 0
L 45.6946 119.4816 45.6946 119.6848 0 P 0
L 45.7708 110.9472 45.7708 111.6584 0 P 0
L 45.94860254 103.7170011 45.94860254 104.8169989 0 P 0
L 46.0248 107.6198 46.2788 107.6198 0 P 0
L 46.101 90.805 46.355 90.805 0 P 0
L 46.101 94.107 46.355 94.107 0 P 0
L 46.101 97.409 46.355 97.409 0 P 0
L 46.101 100.711 46.355 100.711 0 P 0
L 46.101 123.825 46.355 123.825 0 P 0
L 46.1518 107.4928 46.1518 107.7468 0 P 0
L 46.228 90.678 46.228 90.932 0 P 0
L 46.228 93.98 46.228 94.234 0 P 0
L 46.228 97.282 46.228 97.536 0 P 0
L 46.228 100.584 46.228 100.838 0 P 0
L 46.228 123.698 46.228 123.952 0 P 0
L 46.9265 92.456 47.1805 92.456 0 P 0
L 46.9265 95.758 47.1805 95.758 0 P 0
L 46.9265 99.06 47.1805 99.06 0 P 0
L 46.9265 125.476 47.1805 125.476 0 P 0
L 46.9773 120.3452 47.2313 120.3452 0 P 0
L 46.99 107.6198 47.244 107.6198 0 P 0
L 47.0535 92.329 47.0535 92.583 0 P 0
L 47.0535 95.631 47.0535 95.885 0 P 0
L 47.0535 98.933 47.0535 99.187 0 P 0
L 47.0535 125.349 47.0535 125.603 0 P 0
L 47.1043 120.2182 47.1043 120.4722 0 P 0
L 47.117 107.4928 47.117 107.7468 0 P 0
L 47.682531 118.41582108 47.885731 118.41582108 0 P 0
L 47.752 90.805 48.006 90.805 0 P 0
L 47.752 94.107 48.006 94.107 0 P 0
L 47.752 97.409 48.006 97.409 0 P 0
L 47.752 100.711 48.006 100.711 0 P 0
L 47.784131 118.31422108 47.784131 118.51742108 0 P 0
L 47.879 90.678 47.879 90.932 0 P 0
L 47.879 93.98 47.879 94.234 0 P 0
L 47.879 97.282 47.879 97.536 0 P 0
L 47.879 100.584 47.879 100.838 0 P 0
L 47.93860364 104.267 49.03860144 104.267 0 P 0
L 48.48860254 103.7170011 48.48860254 104.8169989 0 P 0
L 48.5353995 120.47200188 48.7385995 120.47200188 0 P 0
L 48.5775 92.456 48.8315 92.456 0 P 0
L 48.5775 95.758 48.8315 95.758 0 P 0
L 48.5775 99.06 48.8315 99.06 0 P 0
L 48.5775 125.476 48.8315 125.476 0 P 0
L 48.5902 108.077 48.7934 108.077 0 P 0
L 48.6369995 120.37040188 48.6369995 120.57360188 0 P 0
L 48.6918 107.9754 48.6918 108.1786 0 P 0
L 48.7045 92.329 48.7045 92.583 0 P 0
L 48.7045 95.631 48.7045 95.885 0 P 0
L 48.7045 98.933 48.7045 99.187 0 P 0
L 48.7045 125.349 48.7045 125.603 0 P 0
L 49.1236 111.2774 49.8348 111.2774 0 P 0
L 49.149 115.1382 49.8602 115.1382 0 P 0
L 49.403 90.805 49.657 90.805 0 P 0
L 49.403 94.107 49.657 94.107 0 P 0
L 49.403 97.409 49.657 97.409 0 P 0
L 49.403 100.711 49.657 100.711 0 P 0
L 49.4792 110.9218 49.4792 111.633 0 P 0
L 49.4792 120.4976 49.6824 120.4976 0 P 0
L 49.5046 114.7826 49.5046 115.4938 0 P 0
L 49.53 90.678 49.53 90.932 0 P 0
L 49.53 93.98 49.53 94.234 0 P 0
L 49.53 97.282 49.53 97.536 0 P 0
L 49.53 100.584 49.53 100.838 0 P 0
L 49.5808 120.396 49.5808 120.5992 0 P 0
L 49.657 107.8484 49.911 107.8484 0 P 0
L 49.784 107.7214 49.784 107.9754 0 P 0
L 50.2285 92.456 50.4825 92.456 0 P 0
L 50.2285 95.758 50.4825 95.758 0 P 0
L 50.2285 99.06 50.4825 99.06 0 P 0
L 50.2285 125.476 50.4825 125.476 0 P 0
L 50.3555 92.329 50.3555 92.583 0 P 0
L 50.3555 95.631 50.3555 95.885 0 P 0
L 50.3555 98.933 50.3555 99.187 0 P 0
L 50.3555 125.349 50.3555 125.603 0 P 0
L 50.4698 108.05150094 50.7238 108.05150094 0 P 0
L 50.47860364 104.267 51.57860144 104.267 0 P 0
L 50.5968 107.92450094 50.5968 108.17850094 0 P 0
L 51.02860254 103.7170011 51.02860254 104.8169989 0 P 0
L 51.0499995 117.80500188 51.3039995 117.80500188 0 P 0
L 51.054 90.805 51.308 90.805 0 P 0
L 51.054 94.107 51.308 94.107 0 P 0
L 51.054 97.409 51.308 97.409 0 P 0
L 51.054 100.711 51.308 100.711 0 P 0
L 51.054 123.825 51.308 123.825 0 P 0
L 51.1302 120.015 51.3842 120.015 0 P 0
L 51.1769995 117.67800188 51.1769995 117.93200188 0 P 0
L 51.181 90.678 51.181 90.932 0 P 0
L 51.181 93.98 51.181 94.234 0 P 0
L 51.181 97.282 51.181 97.536 0 P 0
L 51.181 100.584 51.181 100.838 0 P 0
L 51.181 123.698 51.181 123.952 0 P 0
L 51.2572 119.888 51.2572 120.142 0 P 0
L 51.8795 92.456 52.1335 92.456 0 P 0
L 51.8795 95.758 52.1335 95.758 0 P 0
L 51.8795 99.06 52.1335 99.06 0 P 0
L 51.8795 122.174 52.1335 122.174 0 P 0
L 51.8795 125.476 52.1335 125.476 0 P 0
L 52.0065 92.329 52.0065 92.583 0 P 0
L 52.0065 95.631 52.0065 95.885 0 P 0
L 52.0065 98.933 52.0065 99.187 0 P 0
L 52.0065 122.047 52.0065 122.301 0 P 0
L 52.0065 125.349 52.0065 125.603 0 P 0
L 52.1208 117.856 52.3748 117.856 0 P 0
L 52.2478 117.729 52.2478 117.983 0 P 0
L 52.705 90.805 52.959 90.805 0 P 0
L 52.705 94.107 52.959 94.107 0 P 0
L 52.705 97.409 52.959 97.409 0 P 0
L 52.705 100.711 52.959 100.711 0 P 0
L 52.705 104.013 52.959 104.013 0 P 0
L 52.705 120.523 52.959 120.523 0 P 0
L 52.705 123.825 52.959 123.825 0 P 0
L 52.7771995 113.39751006 52.9803995 113.39751006 0 P 0
L 52.832 90.678 52.832 90.932 0 P 0
L 52.832 93.98 52.832 94.234 0 P 0
L 52.832 97.282 52.832 97.536 0 P 0
L 52.832 100.584 52.832 100.838 0 P 0
L 52.832 103.886 52.832 104.14 0 P 0
L 52.832 120.396 52.832 120.65 0 P 0
L 52.832 123.698 52.832 123.952 0 P 0
L 52.8787995 113.29591006 52.8787995 113.49911006 0 P 0
L 53.0352 117.3226 53.2892 117.3226 0 P 0
L 53.1622 117.1956 53.1622 117.4496 0 P 0
L 53.5305 92.456 53.7845 92.456 0 P 0
L 53.5305 95.758 53.7845 95.758 0 P 0
L 53.5305 99.06 53.7845 99.06 0 P 0
L 53.5305 105.664 53.7845 105.664 0 P 0
L 53.5305 122.174 53.7845 122.174 0 P 0
L 53.5305 125.476 53.7845 125.476 0 P 0
L 53.5645995 113.05520188 53.7677995 113.05520188 0 P 0
L 53.6575 92.329 53.6575 92.583 0 P 0
L 53.6575 95.631 53.6575 95.885 0 P 0
L 53.6575 98.933 53.6575 99.187 0 P 0
L 53.6575 105.537 53.6575 105.791 0 P 0
L 53.6575 122.047 53.6575 122.301 0 P 0
L 53.6575 125.349 53.6575 125.603 0 P 0
L 53.6661995 112.95360188 53.6661995 113.15680188 0 P 0
L 53.6702 116.459 53.8734 116.459 0 P 0
L 53.7718 116.3574 53.7718 116.5606 0 P 0
L 54.356 90.805 54.61 90.805 0 P 0
L 54.356 94.107 54.61 94.107 0 P 0
L 54.356 97.409 54.61 97.409 0 P 0
L 54.356 100.711 54.61 100.711 0 P 0
L 54.356 104.013 54.61 104.013 0 P 0
L 54.356 117.221 54.61 117.221 0 P 0
L 54.356 120.523 54.61 120.523 0 P 0
L 54.356 123.825 54.61 123.825 0 P 0
L 54.3773995 113.02980188 54.5805995 113.02980188 0 P 0
L 54.4789995 112.92820188 54.4789995 113.13140188 0 P 0
L 54.483 90.678 54.483 90.932 0 P 0
L 54.483 93.98 54.483 94.234 0 P 0
L 54.483 97.282 54.483 97.536 0 P 0
L 54.483 100.584 54.483 100.838 0 P 0
L 54.483 103.886 54.483 104.14 0 P 0
L 54.483 117.094 54.483 117.348 0 P 0
L 54.483 120.396 54.483 120.65 0 P 0
L 54.483 123.698 54.483 123.952 0 P 0
L 55.0123995 116.33180188 55.2155995 116.33180188 0 P 0
L 55.1139995 116.23020188 55.1139995 116.43340188 0 P 0
L 55.1815 92.456 55.4355 92.456 0 P 0
L 55.1815 95.758 55.4355 95.758 0 P 0
L 55.1815 99.06 55.4355 99.06 0 P 0
L 55.1815 105.664 55.4355 105.664 0 P 0
L 55.1815 108.966 55.4355 108.966 0 P 0
L 55.1815 122.174 55.4355 122.174 0 P 0
L 55.1815 125.476 55.4355 125.476 0 P 0
L 55.3085 92.329 55.3085 92.583 0 P 0
L 55.3085 95.631 55.3085 95.885 0 P 0
L 55.3085 98.933 55.3085 99.187 0 P 0
L 55.3085 105.537 55.3085 105.791 0 P 0
L 55.3085 108.839 55.3085 109.093 0 P 0
L 55.3085 122.047 55.3085 122.301 0 P 0
L 55.3085 125.349 55.3085 125.603 0 P 0
L 55.4187995 113.05520188 55.6219995 113.05520188 0 P 0
L 55.5203995 112.95360188 55.5203995 113.15680188 0 P 0
L 56.007 90.805 56.261 90.805 0 P 0
L 56.007 94.107 56.261 94.107 0 P 0
L 56.007 97.409 56.261 97.409 0 P 0
L 56.007 100.711 56.261 100.711 0 P 0
L 56.007 104.013 56.261 104.013 0 P 0
L 56.007 107.315 56.261 107.315 0 P 0
L 56.007 120.523 56.261 120.523 0 P 0
L 56.007 123.825 56.261 123.825 0 P 0
L 56.134 90.678 56.134 90.932 0 P 0
L 56.134 93.98 56.134 94.234 0 P 0
L 56.134 97.282 56.134 97.536 0 P 0
L 56.134 100.584 56.134 100.838 0 P 0
L 56.134 103.886 56.134 104.14 0 P 0
L 56.134 107.188 56.134 107.442 0 P 0
L 56.134 120.396 56.134 120.65 0 P 0
L 56.134 123.698 56.134 123.952 0 P 0
L 56.388 116.2304 56.5912 116.2304 0 P 0
L 56.4896 116.1288 56.4896 116.332 0 P 0
L 56.8325 92.456 57.0865 92.456 0 P 0
L 56.8325 95.758 57.0865 95.758 0 P 0
L 56.8325 99.06 57.0865 99.06 0 P 0
L 56.8325 108.966 57.0865 108.966 0 P 0
L 56.8325 118.872 57.0865 118.872 0 P 0
L 56.8325 122.174 57.0865 122.174 0 P 0
L 56.8325 125.476 57.0865 125.476 0 P 0
L 56.9595 92.329 56.9595 92.583 0 P 0
L 56.9595 95.631 56.9595 95.885 0 P 0
L 56.9595 98.933 56.9595 99.187 0 P 0
L 56.9595 108.839 56.9595 109.093 0 P 0
L 56.9595 118.745 56.9595 118.999 0 P 0
L 56.9595 122.047 56.9595 122.301 0 P 0
L 56.9595 125.349 56.9595 125.603 0 P 0
L 57.2008 112.3442 57.404 112.3442 0 P 0
L 57.3024 112.2426 57.3024 112.4458 0 P 0
L 57.42397202 113.27630634 57.62717202 113.27630634 0 P 0
L 57.52557202 113.17470634 57.52557202 113.37790634 0 P 0
L 57.5818 116.1852007 57.785 116.1852007 0 P 0
L 57.658 90.805 57.912 90.805 0 P 0
L 57.658 94.107 57.912 94.107 0 P 0
L 57.658 97.409 57.912 97.409 0 P 0
L 57.658 100.711 57.912 100.711 0 P 0
L 57.658 107.315 57.912 107.315 0 P 0
L 57.658 117.221 57.912 117.221 0 P 0
L 57.658 120.523 57.912 120.523 0 P 0
L 57.658 123.825 57.912 123.825 0 P 0
L 57.6834 116.0836007 57.6834 116.2868007 0 P 0
L 57.785 90.678 57.785 90.932 0 P 0
L 57.785 93.98 57.785 94.234 0 P 0
L 57.785 97.282 57.785 97.536 0 P 0
L 57.785 100.584 57.785 100.838 0 P 0
L 57.785 107.188 57.785 107.442 0 P 0
L 57.785 117.094 57.785 117.348 0 P 0
L 57.785 120.396 57.785 120.65 0 P 0
L 57.785 123.698 57.785 123.952 0 P 0
L 57.9628 114.0262007 58.166 114.0262007 0 P 0
L 58.0644 113.9246007 58.0644 114.1278007 0 P 0
L 58.3946 116.0836007 58.5978 116.0836007 0 P 0
L 58.4835 92.456 58.7375 92.456 0 P 0
L 58.4835 95.758 58.7375 95.758 0 P 0
L 58.4835 99.06 58.7375 99.06 0 P 0
L 58.4835 102.362 58.7375 102.362 0 P 0
L 58.4835 118.872 58.7375 118.872 0 P 0
L 58.4835 122.174 58.7375 122.174 0 P 0
L 58.4835 125.476 58.7375 125.476 0 P 0
L 58.4962 115.9820007 58.4962 116.1852007 0 P 0
L 58.6105 92.329 58.6105 92.583 0 P 0
L 58.6105 95.631 58.6105 95.885 0 P 0
L 58.6105 98.933 58.6105 99.187 0 P 0
L 58.6105 102.235 58.6105 102.489 0 P 0
L 58.6105 118.745 58.6105 118.999 0 P 0
L 58.6105 122.047 58.6105 122.301 0 P 0
L 58.6105 125.349 58.6105 125.603 0 P 0
L 58.928 111.6076 59.182 111.6076 0 P 0
L 59.0042 114.5088007 59.2074 114.5088007 0 P 0
L 59.055 111.4806 59.055 111.7346 0 P 0
L 59.1058 114.4072007 59.1058 114.6104007 0 P 0
L 59.309 90.805 59.563 90.805 0 P 0
L 59.309 94.107 59.563 94.107 0 P 0
L 59.309 97.409 59.563 97.409 0 P 0
L 59.309 100.711 59.563 100.711 0 P 0
L 59.309 116.0582007 59.5122 116.0582007 0 P 0
L 59.309 117.221 59.563 117.221 0 P 0
L 59.309 120.523 59.563 120.523 0 P 0
L 59.309 123.825 59.563 123.825 0 P 0
L 59.4106 115.9566007 59.4106 116.1598007 0 P 0
L 59.436 90.678 59.436 90.932 0 P 0
L 59.436 93.98 59.436 94.234 0 P 0
L 59.436 97.282 59.436 97.536 0 P 0
L 59.436 100.584 59.436 100.838 0 P 0
L 59.436 117.094 59.436 117.348 0 P 0
L 59.436 120.396 59.436 120.65 0 P 0
L 59.436 123.698 59.436 123.952 0 P 0
L 59.9694 114.6104007 60.1726 114.6104007 0 P 0
L 60.071 114.5088007 60.071 114.7120007 0 P 0
L 60.1345 92.456 60.3885 92.456 0 P 0
L 60.1345 95.758 60.3885 95.758 0 P 0
L 60.1345 99.06 60.3885 99.06 0 P 0
L 60.1345 102.362 60.3885 102.362 0 P 0
L 60.1345 105.664 60.3885 105.664 0 P 0
L 60.1345 108.966 60.3885 108.966 0 P 0
L 60.1345 112.268 60.3885 112.268 0 P 0
L 60.1345 118.872 60.3885 118.872 0 P 0
L 60.1345 122.174 60.3885 122.174 0 P 0
L 60.1345 125.476 60.3885 125.476 0 P 0
L 60.2615 92.329 60.2615 92.583 0 P 0
L 60.2615 95.631 60.2615 95.885 0 P 0
L 60.2615 98.933 60.2615 99.187 0 P 0
L 60.2615 102.235 60.2615 102.489 0 P 0
L 60.2615 105.537 60.2615 105.791 0 P 0
L 60.2615 108.839 60.2615 109.093 0 P 0
L 60.2615 112.141 60.2615 112.395 0 P 0
L 60.2615 118.745 60.2615 118.999 0 P 0
L 60.2615 122.047 60.2615 122.301 0 P 0
L 60.2615 125.349 60.2615 125.603 0 P 0
L 60.96 90.805 61.214 90.805 0 P 0
L 60.96 94.107 61.214 94.107 0 P 0
L 60.96 97.409 61.214 97.409 0 P 0
L 60.96 100.711 61.214 100.711 0 P 0
L 60.96 104.013 61.214 104.013 0 P 0
L 60.96 107.315 61.214 107.315 0 P 0
L 60.96 110.617 61.214 110.617 0 P 0
L 60.96 114.5596007 61.1632 114.5596007 0 P 0
L 60.96 117.221 61.214 117.221 0 P 0
L 60.96 120.523 61.214 120.523 0 P 0
L 60.96 123.825 61.214 123.825 0 P 0
L 60.9854 116.0328007 61.1886 116.0328007 0 P 0
L 61.0616 114.4580007 61.0616 114.6612007 0 P 0
L 61.087 90.678 61.087 90.932 0 P 0
L 61.087 93.98 61.087 94.234 0 P 0
L 61.087 97.282 61.087 97.536 0 P 0
L 61.087 100.584 61.087 100.838 0 P 0
L 61.087 103.886 61.087 104.14 0 P 0
L 61.087 107.188 61.087 107.442 0 P 0
L 61.087 110.49 61.087 110.744 0 P 0
L 61.087 115.9312007 61.087 116.1344007 0 P 0
L 61.087 117.094 61.087 117.348 0 P 0
L 61.087 120.396 61.087 120.65 0 P 0
L 61.087 123.698 61.087 123.952 0 P 0
L 61.7855 92.456 62.0395 92.456 0 P 0
L 61.7855 95.758 62.0395 95.758 0 P 0
L 61.7855 99.06 62.0395 99.06 0 P 0
L 61.7855 102.362 62.0395 102.362 0 P 0
L 61.7855 105.664 62.0395 105.664 0 P 0
L 61.7855 108.966 62.0395 108.966 0 P 0
L 61.7855 112.268 62.0395 112.268 0 P 0
L 61.7855 118.872 62.0395 118.872 0 P 0
L 61.7855 122.174 62.0395 122.174 0 P 0
L 61.7855 125.476 62.0395 125.476 0 P 0
L 61.9125 92.329 61.9125 92.583 0 P 0
L 61.9125 95.631 61.9125 95.885 0 P 0
L 61.9125 98.933 61.9125 99.187 0 P 0
L 61.9125 102.235 61.9125 102.489 0 P 0
L 61.9125 105.537 61.9125 105.791 0 P 0
L 61.9125 108.839 61.9125 109.093 0 P 0
L 61.9125 112.141 61.9125 112.395 0 P 0
L 61.9125 118.745 61.9125 118.999 0 P 0
L 61.9125 122.047 61.9125 122.301 0 P 0
L 61.9125 125.349 61.9125 125.603 0 P 0
L 62.611 90.805 62.865 90.805 0 P 0
L 62.611 94.107 62.865 94.107 0 P 0
L 62.611 97.409 62.865 97.409 0 P 0
L 62.611 100.711 62.865 100.711 0 P 0
L 62.611 104.013 62.865 104.013 0 P 0
L 62.611 107.315 62.865 107.315 0 P 0
L 62.611 110.617 62.865 110.617 0 P 0
L 62.611 120.523 62.865 120.523 0 P 0
L 62.611 123.825 62.865 123.825 0 P 0
L 62.738 90.678 62.738 90.932 0 P 0
L 62.738 93.98 62.738 94.234 0 P 0
L 62.738 97.282 62.738 97.536 0 P 0
L 62.738 100.584 62.738 100.838 0 P 0
L 62.738 103.886 62.738 104.14 0 P 0
L 62.738 107.188 62.738 107.442 0 P 0
L 62.738 110.49 62.738 110.744 0 P 0
L 62.738 120.396 62.738 120.65 0 P 0
L 62.738 123.698 62.738 123.952 0 P 0
L 63.119 115.2962007 63.3222 115.2962007 0 P 0
L 63.2206 115.1946007 63.2206 115.3978007 0 P 0
L 63.4365 92.456 63.6905 92.456 0 P 0
L 63.4365 95.758 63.6905 95.758 0 P 0
L 63.4365 99.06 63.6905 99.06 0 P 0
L 63.4365 102.362 63.6905 102.362 0 P 0
L 63.4365 105.664 63.6905 105.664 0 P 0
L 63.4365 108.966 63.6905 108.966 0 P 0
L 63.4365 112.268 63.6905 112.268 0 P 0
L 63.4365 118.872 63.6905 118.872 0 P 0
L 63.4365 122.174 63.6905 122.174 0 P 0
L 63.4365 125.476 63.6905 125.476 0 P 0
L 63.5635 92.329 63.5635 92.583 0 P 0
L 63.5635 95.631 63.5635 95.885 0 P 0
L 63.5635 98.933 63.5635 99.187 0 P 0
L 63.5635 102.235 63.5635 102.489 0 P 0
L 63.5635 105.537 63.5635 105.791 0 P 0
L 63.5635 108.839 63.5635 109.093 0 P 0
L 63.5635 112.141 63.5635 112.395 0 P 0
L 63.5635 118.745 63.5635 118.999 0 P 0
L 63.5635 122.047 63.5635 122.301 0 P 0
L 63.5635 125.349 63.5635 125.603 0 P 0
L 64.262 90.805 64.516 90.805 0 P 0
L 64.262 94.107 64.516 94.107 0 P 0
L 64.262 97.409 64.516 97.409 0 P 0
L 64.262 100.711 64.516 100.711 0 P 0
L 64.262 104.013 64.516 104.013 0 P 0
L 64.262 107.315 64.516 107.315 0 P 0
L 64.262 110.617 64.516 110.617 0 P 0
L 64.262 120.523 64.516 120.523 0 P 0
L 64.262 123.825 64.516 123.825 0 P 0
L 64.389 90.678 64.389 90.932 0 P 0
L 64.389 93.98 64.389 94.234 0 P 0
L 64.389 97.282 64.389 97.536 0 P 0
L 64.389 100.584 64.389 100.838 0 P 0
L 64.389 103.886 64.389 104.14 0 P 0
L 64.389 107.188 64.389 107.442 0 P 0
L 64.389 110.49 64.389 110.744 0 P 0
L 64.389 120.396 64.389 120.65 0 P 0
L 64.389 123.698 64.389 123.952 0 P 0
L 65.0875 92.456 65.3415 92.456 0 P 0
L 65.0875 95.758 65.3415 95.758 0 P 0
L 65.0875 99.06 65.3415 99.06 0 P 0
L 65.0875 102.362 65.3415 102.362 0 P 0
L 65.0875 105.664 65.3415 105.664 0 P 0
L 65.0875 108.966 65.3415 108.966 0 P 0
L 65.0875 112.268 65.3415 112.268 0 P 0
L 65.0875 115.57 65.3415 115.57 0 P 0
L 65.0875 118.872 65.3415 118.872 0 P 0
L 65.0875 122.174 65.3415 122.174 0 P 0
L 65.0875 125.476 65.3415 125.476 0 P 0
L 65.2145 92.329 65.2145 92.583 0 P 0
L 65.2145 95.631 65.2145 95.885 0 P 0
L 65.2145 98.933 65.2145 99.187 0 P 0
L 65.2145 102.235 65.2145 102.489 0 P 0
L 65.2145 105.537 65.2145 105.791 0 P 0
L 65.2145 108.839 65.2145 109.093 0 P 0
L 65.2145 112.141 65.2145 112.395 0 P 0
L 65.2145 115.443 65.2145 115.697 0 P 0
L 65.2145 118.745 65.2145 118.999 0 P 0
L 65.2145 122.047 65.2145 122.301 0 P 0
L 65.2145 125.349 65.2145 125.603 0 P 0
